# Created by Octave 3.6.4, Wed Oct 09 10:27:56 2013 NZDT <markus@think>
# name: a
# type: scalar
3


